$ANSIBLE_VAULT;1.1;AES256
61646337356232646561353930643164336239376163663537666265653935616165323065323235
3965643864623938393931313331636464326337396138620a643965633639363161303335366238
65646265373764386238663832656232303365326437376263396566303963386332646263303836
6436356361343938650a386131313461653931396639336461366531363737343637333363643263
39363733343535363330393531623735353135383761386261643038643961303137343439613637
62666566643535373633623333393032323634363837396365656534306534373861353730653963
32646134376463656132366663323138623162623437663436386266393834383463303633666537
35653230393863353031383061646164343965646137396434383131333236626137313137613731
33393331653166383533336563353033616138316231396331366136393166343632656330633530
64643061663262663964393435616533313732656633623732313962666233613166313163366433
35613133613330366633656633386162346263363665663261633363363935396637616366333365
36353266333533376364623137386335303666393139626362653666656339373465613232356637
64323163643563666638313030633335306135363364613561663966306333636335303662376435
66333933333833343963336138383561366137646666616164303233306334333566633261376266
65636634366535343136656631376466643638343232313534623738306331333161363965353334
32616363343435353432656133363961356666383233613536393338633830633961663231623139
32393564386162633661663739366465666638313430633232636464323365633464333732373739
38613164323935343966303333616439616234366665393066323363653862316431623266396330
62616135333962663165663231326136346535633338663665343237643134383237643164386163
62383262363438643562326438303134383937626436333263383136613666366631353964363763
34306431633639353130336366353634353537396561613563616262303765316565613763356162
37613762656362383139393234633137653865616161343735306262333365643062646561376631
62623239656662383861663362623836643630663064336665623136373137303033636332356634
36356538643038333730316233636262623666373931313832646138386637343234316131636532
61643164663831663039303036636534303732613333363237336263663863326332383564363763
62353662633730303939333535313334666139616665346464623666323339636262346261613563
34643733396264653637353336663436623636663364643866316364353762623539386634363938
30666662326332666635373062336130396534666230323336326435646461643532346235316538
32643130313734366538643765353737336562666139633064373238666261373761633966383737
32316261653363656133336134313235373030346436666266316665306462633030626366323063
65396338643033303630336262616665383135393631323032653739613966396637343763363461
33373733646262313635643035636461306533616161313935613137383265333634613536373238
33363165373861663362363663326633633763643466623834643637383238636165376232623765
34333238313934303264616435653561626566363061323238623639636561326332326566643835
33363036666561646531616233633237633862633365653865633935373435336565663430636533
63353936633938636461393061636230303761316562346535346363333431396363316166373463
33616430396163366135623839663234666535333163666565666333653864326362656332333738
35643864353137626362333635323665383232643437353831383538376435306262336631363864
30373830666537323964383433623465306633666234333539613039383533303139303631663765
61663832366134643536313339383836333536343263356131626133336530346536333364383139
31666537383230366566636237633865623966663763333264663434663235393935626162613963
64323737333731323631636437303432646666363730383136306134646134383761633664633233
33643165383830386634303264613838343530313463623039316234336231316539303636363064
63376339343364666332303632386333376133663933643864666634616636653736643335663135
32613036393039343866633435616432633931346466306566386438633933356530383135363963
62646435303063383833386430323534323634303334653432323435613963313761653462326530
35313032396465616635656262303138306439636362373739316236343234636131343863626533
38623131363734616631646433663233323666643734643135313066653633633631303932386363
61393032626339353330326331643933356262626166616437346631373261326562663065323939
63633136383030303835623830663530646532646265636538653565376436333335383864666263
36663835303939636438636365333663656466313231636364643034303561373037383931373836
36643963396663643639303166623266363466343133613064666263396336353435313031626232
38616661666561666239373431383837393435366130623264646562393234383164613333303130
66646636643165653061306166303232666232316331616634343932653934626232663037313362
64366562653238376236306463613836303334393134643138376231666238353165306432646463
65653761393339343835363262613434633537306561666434353534646637663162303534326337
64336133616239393262303735353831643261383266303431353364643832396662343832356432
33623361653636343462623632623736653862336265636366633266653538316635306130636239
64383161366561613835633733323338313164656363396461303932623631373636616336303038
61613439383138653532383262373164656633346438613431343433346434646436333264333866
64373439336665313135633736343364353830663033633231646261663163666237626339383966
30623937323430393232313165323334643764383764386338303035363332306635353739373964
33386332653031376331376236396439633966653564346534663562386166623761303861306433
66313332623432366265666539363061316438386134623466313837363431666530353738306462
30363939623739326134613832353763623366366333373066303161373936366131376331343665
38663164366663393365653232396634316564373630336436386430366262663562363630613765
37383133633439333131366539383334323862653536313135666437366164666235646633353538
63376265656532616531396265326261376634323033313965303738613036383433626665366139
31366438303363333632383966616330346665306563643165626238356330656536643962326564
36643866326333373537636235386138366365356334613139393631333235373862643530663666
333836396231353033383363653138616364
