$ANSIBLE_VAULT;1.1;AES256
63323165373839393836393334303730306566306235306237346661623664666264663864353731
3562306537333034396632393036323339356365333263330a353332623037656662316539323763
37363564306365646233366337646261323666346261633936373536393039633732663762666632
3464353361323336310a646561636334363464333165333464346137333736313332373637353739
37613966653337313230343963326637643261616434393638396135363736393532306262356137
61393033386233366264326435623366663835343264623936366133363466386637383563393766
33333632343936623036386263386164626331333234393861346437383932393137623464616130
38616133366562396363316633613964343036613135363239623661343634373966623130346431
35633365626339356637313232363239633131373535326564386134643435653538316261323765
36356536333134396638373334346532343061373234616232383363386539346439633364666631
61393537626433626231373137323962376537386531323634376630356130316632343132373739
35613765643937303633646464616639373763613764333833303766303064333837303661313434
32616531303739313461653939393635616431363464356662366132383763313262633762666232
63313466313436656563383932316461663133353236373233363034376565303866666534346139
30653365373635323666363833333762326664643534343934633831363637386663333634373430
65616536623263643865316565323831353635343134336238343338643031623264313632373262
34613337613337373165616635326232373966343630323265353764343039313637623061663439
62313766333530636638643266386331343062386138643737363438643135396439316433313065
38303762626435386236366238616233383064363636393961306537643132623762303863616431
65623231393138303336626365663238613035663765393132333338343639373533633833663864
30366435376631353237323332626239633634376235316263633837653065383434303933323165
66303632653833303739353330653534373665383964396538636664323261663963303432306431
34323866373330333664343037346534303538376635316538343837616661373837373136303064
62396366346631343064346464363462393935366362333962306265646232646333643332636338
66336638656631646631633166613832653234633637663136353566326433356663613135383932
37366563346564323961363262306235363034346163353537353036656237326436376565386439
32313135356432633061326336346464353230346333323331623463633463323537363134363834
64343332626662396265393561346538306439323062623266323935633162336532393366353861
30316564653334643765636263353234663032613338653730366637323962373538353535306433
31306130343434633863306163666230383463333632333766353664306334623466306164626137
62333334643638376139386238373563346535666161303862346163643165636465653363393035
32303832623535666236373530663966313166613162336631643239396237666665323862313233
31386432613738633065373930386134386362323563323832666534366331613134636138346364
65653832336566323262303431316566373636323838393738633861653236646364323365383933
62636436623136646531623737343962636134303934653337333235643662363239376662653064
62633065616530376263623630663266383232613035656363383839623562373930303636326565
39643933323734333965373366313736653363323736616338643963333735613562643339396236
66633932646639656136303835656537643331303534306363343634376665353363356636373336
64653937623663316339653530353864333163613632386431623764623363326333336431633362
63323263393538343464326361613665303165613335336461636632613662346561323937643134
31613563613238323230343935313739663065333663346132393334386233353932343366653363
33326630653633653133663466623764336461646464376161303166313262343033383065626562
64356465613932396130303337383939643961313433323835613734666434636265386164333638
65616266626537646663626236313537373235303565363132303332616237326463396635303564
33613131383265376164636338663831303438326637666237363238653335363766386164656266
32323736613434373338366338313738306136653032653137623732343531653135653435663639
38346238373265633166366162376633363565643532636538386631373036616466323362313738
33613136373137646533643363643161333761396565633065616533326338363463383736363739
39386138333161303031626666653439393466633836353462383032373263363036326538363932
34386232306436376632633738393364616238313635396162303766383463323463323166336535
38633866613636306239396434323039623562346430363365363363663266613761316136356333
30313132383438646233643136653933373738383132303332363763626264636338623230313839
62323665366636323235633334393838666231356232393634623032663565363535323436653838
63306364386239366565366438363763303536613166376333303031336230363830663336663461
34636333643332313636396435323033646238633534306263353930376135383739343062633432
65393136346332303932346164333337626162356231666337613038613934366663646664663465
35636339376163383936346565663630353632633530383163366331663439636464326534393239
39353637323433363536303264626231353337393639333238346339336633616230346339376331
32373936303962306338333661363135323765303839643334383036386539333266646237666164
62626533336233363639316433316665316162333866613337373733346635343732366261333963
38333137613137613638373437366162616232373061643035613065643636353934363338373932
39326233366430396464336664623634656665396665663837383764323363393330396563393862
33643266383338386633376235356661626663383831626136613536613731616462653134393337
39396435313237323064656137326434663532353963386232316130363866613935643065323136
31363362323465383430373532393631363635636534313263653830313763316262633164316332
61366437643332613866656563336430343561623035323730366430306332616438343764363164
34373965633335333833383864323133393334616361636139323965343130333766343330383738
30373235363938626337353139323566316465616164663132383733653763383463353638376630
61623064353934376534626530636162616434646339653865316464326466663335
